593
825
509
35
794
58
93
888
883
976
161
735
670
303
502
755
9
944
676
589
667
514
715
477
239
483
822
382
348
352
613
948
738
444
979
785
37
812
451
940
907
237
903
474
805
811
912
85
971
977
249
370
121
829
646
637
151
124
872
896
931
595
594
182
269
347
321
113
251
338
304
790
191
97
880
347
688
285
810
596
210
683
932
446
46
245
538
809
177
313
377
276
526
763
557
917
110
261
400
420
94
468
418
145
505
548
623
371
301
949
715
474
420
823
238
447
393
586
913
732
679
755
133
514
613
305
40
710
170
769
78
641
80
173
280
442
309
598
466
198
585
898
320
199
642
597
33
435
542
680
226
659
304
796
728
363
195
108
517
240
338
657
679
727
455
499
60
204
89
991
898
3
131
447
73
12
749
741
579
739
579
243
550
513
630
953
427
625
239
765
493
500
766
555
648
363
464
773
579
217
288
740
95
422
723
897
541
598
977
646
301
222
939
493
481
761
376
829
607
668
773
410
994
952
763
505
783
543
909
736
281
822
582
723
408
653
851
181
877
385
524
27
363
656
778
896
914
328
961
440
468
766
56
472
17
757
110
832
670
238
359
114
381
466
133
478
489
459
483
294
487
525
326
240
596
728
880
863
385
309
355
517
558
536
203
293
368
391
674
843
246
117
204
258
466
303
535
279
678
60
377
676
995
133
41
87
587
618
319
687
633
683
941
776
991
258
827
266
69
13
349
482
74
468
329
509
526
44
487
279
169
53
475
484
304
317
952
565
922
452
764
755
670
18
244
209
606
735
132
988
26
18
450
633
77
212
458
801
986
959
405
227
249
385
985
706
458
709
633
130
107
88
38
602
786
477
678
764
569
715
649
742
773
570
401
342
510
385
872
476
729
847
970
496
360
406
634
809
706
871
883
428
179
509
89
507
857
173
309
178
604
840
742
175
8
493
428
973
551
196
198
834
417
438
148
504
60
400
368
396
204
149
511
667
607
359
913
511
379
480
179
233
823
242
173
62
323
250
977
417
971
310
643
802
743
262
618
776
218
953
735
823
38
71
178
164
460
567
799
531
377
995
380
845
45
302
136
399
118
460
434
149
684
907
248
585
578
917
348
248
267
335
161
432
929
174
387
919
63
362
877
228
167
395
388
645
14
926
391
118
975
594
28
961
551
463
94
533
483
572
731
507
316
535
906
517
590
56
702
95
468
431
49
745
402
25
869
418
574
930
905
589
139
714
930
564
824
7
878
586
99
660
130
173
173
781
138
501
92
252
666
874
499
562
813
781
975
12
256
777
49
385
781
680
737
966
417
911
767
701
237
855
483
920
692
494
685
21
984
383
186
914
376
713
221
588
148
28
184
346
842
342
116
279
534
365
420
382
265
201
427
763
938
555
211
622
32
392
316
790
781
975
587
223
23
541
392
675
577
805
265
528
769
21
383
827
123
590
293
686
263
881
108
45
153
584
862
346
948
114
593
431
277
158
539
531
577
945
275
209
141
133
498
26
481
787
62
897
426
466
722
94
123
861
264
61
724
856
301
504
261
911
793
984
532
503
864
677
961
857
20
934
860
407
717
661
810
137
558
870
134
513
668
989
564
610
76
234
954
5
766
887
698
904
353
351
780
874
349
519
60
722
931
298
566
34
319
749
909
380
928
680
698
672
114
727
705
228
135
231
157
649
105
856
47
139
401
674
726
404
899
455
892
682
104
227
758
759
733
336
776
885
904
962
363
175
457
481
46
7
550
601
987
718
218
543
450
116
823
277
752
472
771
780
203
117
201
415
461
479
311
180
521
5
838
940
380
657
674
699
63
471
507
262
212
915
31
778
795
72
786
704
672
393
288
867
902
832
637
623
713
946
508
754
424
578
736
485
285
609
124
440
27
200
530
101
654
384
223
912
518
565
336
348
808
485
60
444
488
467
722
721
23
885
909
722
779
460
897
168
102
502
388
975
601
387
186
252
892
284
737
4
774
627
204
869
365
591
637
390
673
620
499
906
591
747
177
803
874
429
210
312
232
381
976
495
459
654
824
397
775
904
37
499
156
303
262
291
435
1
507
156
862
389
258
479
306
399
916
208
678
662
95
83
420
500
258
888
65
995
449
652
912
455
415
728
837
11
866
554
931
23
373
730
432
136
54
271
823
419
169
834
616
194
702
402
761
894
656
580
169
348
57
952
861
836
785
820
669
840
376
760
987
976
314
147
454
2
475
947
815
451
182
595
942
346
714
91
328
915
908
935
167
931
964
931
375
125
246
860
383
285
560
13
333
635
791
425
997
216
440
66
838
398
925
550
17
252
371
562
252
91
805
636
597
208
784
143
337
691
932
942
534
892
142
76
857
460
982
153
898
357
289
252
900
683
925
543
934
36
544
4
754
202
250
58
358
842
201
942
25
258
591
545
916
59
991
344
589
591
856
1
888
784
623
549
799
334
561
143
790
324
902
426
450
155
373
444
793
740
812
531
214
203
221
282
851
21
632
931
545
395
426
487
948
119
780
236
602
212
834
864
698
868
395
914
309
650
353
143
341
706
924
842
384
401
99
324
927
305
155
760
355
258
596
869
216
151
163
942
399
739
220
373
413
805
929
7
733
467
688
550
429
27
447
845
700
600
594
849
79
405
512
739
3
758
889
521
239
616
271
999
34
880
215
342
494
443
667
383
790
504
509
341
710
418
116
854
171
719
611
511
377
643
268
369
735
115
2
918
123
777
509
222
423
359
429
953
842
899
536
55
341
31
955
838
374
176
794
716
878
720
742
45
556
255
362
672
961
594
62
516
440
494
382
388
507
553
413
224
614
796
1
306
128
770
941
139
40
479
540
126
875
754
608
259
539
15
225
633
238
980
296
923
127
341
214
521
180
648
512
341
5
353
166
864
131
618
922
662
560
780
577
12
4
96
146
391
83
339
588
220
442
421
292
218
107
170
620
285
251
781
429
555
562
171
443
28
301
184
890
34
928
359
341
107
155
291
429
258
824
67
492
647
112
850
551
851
346
409
719
557
474
32
173
575
51
817
907
663
741
907
876
114
438
835
702
616
944
899
602
475
364
464
568
846
392
825
861
933
277
964
440
718
777
395
547
335
609
695
745
753
566
237
79
510
243
98
784
723
873
307
444
311
466
64
687
293
808
623
42
211
532
669
828
500
729
601
397
964
662
419
335
260
424
953
486
991
272
633
569
144
104
26
999
145
571
250
440
396
8
905
138
582
653
277
100
475
471
479
736
236
142
966
109
620
922
554
721
922
271
706
54
478
94
156
566
481
107
890
709
703
43
597
223
733
713
988
40
788
310
451
853
141
218
113
188
764
244
995
608
963
921
835
443
447
627
45
473
700
833
310
350
645
887
747
198
606
785
70
424
928
452
37
135
398
454
120
687
507
296
18
18
792
127
356
347
726
750
877
40
483
564
270
497
121
840
749
387
880
385
545
524
646
298
769
861
995
585
944
910
235
964
226
742
776
470
60
301
44
822
651
420
790
836
465
296
846
325
375
885
879
367
817
884
226
378
378
802
349
386
149
266
956
42
447
937
83
554
208
664
359
258
444
560
275
347
386
198
41
777
163
559
249
485
610
181
583
76
664
908
333
504
695
926
285
50
864
67
189
973
425
651
324
302
194
648
952
869
478
495
733
980
380
310
62
767
990
634
789
555
709
706
673
368
873
486
516
568
689
743
312
280
411
240
515
185
183
732
111
623
709
807
794
233
93
340
115
605
333
411
321
362
186
93
894
544
371
346
322
358
635
980
533
575
481
838
966
78
371
899
494
4
98
130
44
816
626
728
233
324
82
941
626
455
794
692
789
559
915
557
448
48
285
364
518
546
502
799
948
484
274
709
143
428
54
277
5
450
865
922
829
565
464
226
364
440
57
701
955
54
697
78
265
813
957
958
739
896
401
225
381
169
691
277
18
869
419
142
631
632
210
619
687
857
553
635
770
963
107
386
865
123
3
396
384
959
479
149
234
595
316
284
123
39
908
323
438
912
731
743
425
532
826
516
806
850
584
29
624
605
198
647
81
601
78
167
215
492
233
85
161
873
343
501
426
609
581
862
256
587
541
690
100
238
23
342
76
461
819
787
207
895
78
665
596
693
311
763
389
371
142
970
687
983
397
302
699
425
36
559
624
453
532
122
853
494
344
465
491
891
515
689
82
13
71
722
26
136
53
835
925
357
128
801
117
611
707
722
989
751
764
597
675
122
997
866
836
256
236
67
369
23
530
412
991
652
791
550
956
317
69
804
396
637
466
954
160
526
737
41
803
408
315
661
993
702
40
162
43
606
38
950
373
369
690
949
948
874
727
949
400
803
257
582
659
211
366
863
546
215
128
769
21
407
473
383
238
890
72
624
678
724
189
925
459
944
456
895
362
346
13
35
163
426
319
105
972
295
68
608
783
5
731
224
535
622
49
831
635
177
930
176
902
263
339
474
541
270
96
40
413
803
380
27
79
90
413
693
436
426
347
80
692
725
244
666
581
217
48
485
685
89
126
76
614
338
809
549
853
706
235
620
303
54
421
390
606
777
485
969
751
669
570
942
702
569
312
396
598
434
855
579
897
956
913
676
125
284
684
607
190
752
467
646
640
383
935
227
446
908
956
205
783
179
530
998
904
435
980
436
121
248
447
811
134
427
788
204
670
335
235
775
615
736
615
796
987
826
456
969
265
445
119
98
291
775
313
471
235
231
120
316
299
890
210
651
482
331
646
390
82
801
898
555
38
105
426
759
889
77
76
722
423
835
999
494
514
640
330
384
938
309
273
9
269
140
32
865
453
776
883
734
350
508
448
380
14
34
543
493
242
474
561
141
217
606
758
856
823
389
865
832
118
629
927
930
339
723
160
406
417
68
612
226
396
377
828
451
80
350
137
184
814
411
338
25
229
936
924
857
596
383
542
96
362
674
174
317
330
559
978
440
838
879
117
736
656
919
313
132
826
38
671
636
914
10
769
876
979
990
186
214
540
418
174
896
540
527
980
552
678
799
709
563
775
668
998
36
269
97
712
99
873
232
655
128
945
928
828
455
8
24
858
491
784
567
48
676
871
848
671
68
186
550
922
617
145
252
641
817
539
473
859
664
946
95
304
600
70
213
244
685
796
977
255
289
568
168
939
192
596
171
130
933
423
751
840
516
875
542
280
142
125
643
667
338
20
867
13
665
105
477
344
464
602
856
33
474
401
929
490
448
132
320
415
559
334
136
755
287
880
266
328
239
941
29
445
869
592
421
948
39
246
804
250
356
924
579
754
523
23
83
210
854
20
558
661
735
160
829
685
448
454
344
816
415
504
852
634
750
34
860
318
305
582
607
779
814
980
296
515
590
364
632
351
471
485
749
485
667
786
86
583
670
500
609
686
254
833
598
633
219
605
277
21
520
528
767
388
359
999
914
685
775
168
742
933
250
58
660
292
528
567
340
915
216
255
169
769
187
60
919
859
948
453
360
407
119
729
423
396
654
729
534
887
548
129
646
315
354
311
104
929
427
439
214
49
438
34
42
58
812
79
212
363
34
785
133
839
575
667
86
948
39
922
950
241
976
311
919
558
976
582
189
792
805
410
504
305
743
785
123
981
845
194
790
323
121
810
140
155
352
987
528
945
853
984
232
340
235
404
389
21
962
703
716
19
91
617
859
733
230
566
696
852
86
345
872
492
29
349
795
552
697
388
617
927
953
655
616
45
776
345
184
700
25
195
820
835
107
79
79
748
931
682
621
5
733
23
40
46
778
802
276
961
909
502
860
978
663
93
343
139
78
808
353
880
704
458
976
896
191
416
608
336
445
278
236
473
125
172
136
889
766
941
888
124
335
765
591
491
336
806
143
417
910
470
963
189
435
191
433
245
59
322
154
821
202
156
623
329
844
387
809
673
968
246
922
441
823
196
507
472
688
946
935
576
170
303
745
705
679
241
938
40
334
864
225
619
527
864
232
673
244
600
836
233
161
918
187
39
768
9
565
490
225
955
965
27
418
833
762
333
539
589
804
582
143
387
43
589
489
390
539
489
517
11
403
569
496
361
367
479
303
583
987
100
363
583
569
918
427
276
216
512
565
71
90
207
371
339
453
195
886
625
612
843
896
888
471
817
946
769
858
575
697
572
632
680
157
697
450
608
834
380
73
788
864
143
898
183
6
940
845
687
13
148
963
926
550
56
900
699
34
415
693
105
362
349
511
451
687
946
139
278
731
365
76
592
164
415
428
295
310
615
808
72
500
669
400
519
855
653
371
34
464
701
497
455
556
942
679
28
592
224
611
21
679
517
145
493
308
903
92
551
870
43
145
698
186
499
336
139
100
86
182
511
84
213
148
860
517
934
879
544
189
192
971
586
741
884
25
415
798
594
254
733
185
369
366
818
722
38
275
189
649
739
535
786
102
578
754
3
783
92
644
146
286
951
512
475
940
480
166
700
868
379
144
296
581
327
851
102
364
113
123
427
335
160
761
622
674
726
489
401
216
122
720
484
386
469
830
915
781
985
295
710
949
776
659
407
423
897
310
291
624
382
34
844
157
158
650
736
760
534
136
716
737
805
680
421
178
819
670
823
987
497
399
80
235
298
379
742
567
645
143
638
3
713
841
313
174
447
315
104
473
345
409
826
997
56
853
355
966
379
464
267
786
474
431
413
910
213
321
936
264
599
228
711
309
318
806
135
91
302
422
560
541
788
123
649
38
337
129
489
91
920
867
347
928
496
916
76
772
938
786
126
335
262
35
774
106
459
177
484
646
513
759
195
60
794
808
994
799
466
99
406
504
85
97
241
598
928
893
319
706
686
42
404
328
518
849
632
309
337
893
32
765
231
224
547
970
255
863
289
710
142
551
130
40
555
98
550
284
303
720
324
340
658
927
961
160
400
180
663
857
86
921
980
324
545
857
155
888
707
315
892
746
304
373
377
911
472
867
995
202
732
518
908
245
128
844
568
819
783
571
124
448
114
124
172
705
875
270
581
431
676
483
888
966
97
895
435
829
788
504
275
929
868
592
944
604
551
497
219
586
734
139
424
963
457
235
807
688
280
281
959
545
344
119
835
64
867
563
212
845
135
669
901
640
371
822
986
541
771
403
225
197
103
49
186
843
663
804
824
9
661
728
274
460
956
383
938
587
101
656
715
826
782
812
279
812
169
279
36
204
3
269
830
555
503
727
447
7
565
616
248
765
606
661
936
898
912
771
977
436
230
745
945
960
654
622
503
36
467
650
469
759
529
820
791
464
115
340
250
22
278
756
222
827
925
274
865
224
357
743
227
527
274
417
783
752
594
500
605
683
380
821
748
344
163
409
221
694
16
992
167
890
953
879
8
362
859
804
894
490
707
700
802
349
190
525
680
942
350
871
567
137
568
565
753
577
758
30
827
983
478
599
45
771
972
533
137
771
29
340
226
39
792
921
967
234
732
927
336
356
56
954
730
429
162
823
104
733
726
721
616
455
138
723
484
12
753
263
31
522
868
161
657
744
158
396
112
705
880
227
226
594
361
174
130
782
619
602
124
937
737
752
133
693
148
876
248
102
376
757
223
370
249
140
348
105
321
47
229
762
613
211
142
196
76
307
164
211
529
266
899
983
793
579
320
443
756
967
642
819
108
194
376
339
612
779
735
888
507
551
818
632
680
814
451
965
78
632
723
284
608
630
192
995
956
171
300
337
626
953
211
514
167
532
609
879
968
769
819
448
578
445
832
482
740
967
119
337
546
972
18
490
300
489
840
56
444
535
314
276
88
360
434
134
826
117
101
186
752
375
536
123
935
790
78
687
142
137
174
273
637
590
435
319
775
447
842
647
59
234
202
637
145
423
570
243
528
461
122
809
181
246
146
524
706
456
355
853
860
991
604
341
641
317
408
965
45
158
333
967
822
143
249
164
629
631
395
113
213
384
489
523
729
214
160
798
938
716
170
808
51
155
146
467
783
649
85
404
956
521
386
805
760
171
598
656
720
285
587
522
476
595
970
163
508
189
464
398
560
178
378
657
560
393
764
140
629
120
757
755
147
688
254
19
531
977
787
729
770
506
72
365
932
89
914
565
252
714
729
992
524
424
969
181
739
939
907
497
470
857
549
432
273
634
8
257
991
557
73
636
470
787
387
552
168
611
346
527
20
373
122
753
243
352
198
50
814
525
611
801
496
185
783
429
207
565
632
343
990
556
576
257
230
556
743
155
209
671
748
155
258
287
71
771
315
120
786
397
33
247
182
446
883
882
568
665
637
239
135
794
203
606
173
215
590
65
567
937
458
770
854
393
348
175
250
849
494
256
33
612
19
587
511
488
16
27
401
229
158
310
734
760
252
972
216
644
363
567
575
19
605
289
619
793
68
684
5
408
143
433
173
893
840
517
684
725
913
577
798
277
271
596
203
182
815
517
992
583
307
985
33
861
24
909
157
74
920
383
691
261
273
195
417
265
480
787
520
443
260
857
837
132
784
305
894
846
127
805
348
201
874
544
868
852
459
237
81
509
851
389
928
751
695
158
865
720
672
355
910
999
100
175
932
754
535
744
374
639
187
761
15
357
368
629
518
55
915
503
97
299
841
767
547
985
43
558
9
14
547
224
403
843
532
973
946
333
268
432
574
214
240
93
548
359
840
911
47
949
923
988
613
807
494
662
115
265
207
908
849
237
267
304
718
123
20
404
789
561
779
297
229
851
897
487
600
788
345
806
493
141
497
455
590
529
522
215
711
131
157
658
909
244
482
296
509
225
364
673
424
270
764
168
215
472
525
28
99
308
350
6
699
218
393
731
204
989
365
511
586
439
90
266
941
436
898
57
701
22
341
871
848
894
918
682
576
690
903
13
252
403
885
297
845
703
990
236
239
589
428
989
675
21
624
225
637
844
590
621
877
823
496
475
275
750
877
809
507
215
510
939
392
365
205
988
729
770
290
853
568
897
346
268
728
543
27
995
678
992
22
188
800
537
741
384
2
681
114
391
711
773
783
734
849
745
345
821
833
446
664
488
195
238
64
460
20
572
158
636
751
464
937
501
188
127
335
314
465
782
423
244
137
568
583
287
898
872
803
741
947
764
716
306
537
814
176
417
160
828
788
773
286
475
246
693
40
292
603
138
234
380
63
430
203
465
757
861
465
381
865
654
800
748
224
560
988
969
700
789
711
68
719
425
225
295
703
575
967
74
182
126
768
505
410
619
898
684
750
438
938
427
815
492
504
6
235
657
968
794
432
18
518
441
496
180
155
928
991
824
581
518
151
861
442
779
746
857
57
355
380
561
827
480
455
974
132
88
231
765
49
843
421
226
264
999
929
99
354
791
217
775
285
308
878
724
659
882
340
380
894
800
693
248
865
806
291
799
634
271
39
250
138
994
840
93
878
358
16
37
249
190
33
41
539
792
919
450
788
379
578
710
712
695
733
202
224
405
987
81
947
696
680
307
545
220
663
527
229
30
689
749
368
714
581
271
392
962
64
960
724
724
972
231
1
808
498
624
75
480
845
266
844
909
117
886
419
133
260
219
982
100
769
476
336
332
777
140
349
748
400
649
988
519
513
926
383
379
368
757
666
952
922
29
557
667
796
638
513
284
757
48
453
817
427
161
169
760
464
57
367
470
461
158
839
617
183
437
962
287
849
716
558
3
434
357
406
126
521
779
319
373
403
415
331
747
825
591
872
434
348
604
891
857
832
420
880
580
467
169
463
773
262
119
969
311
223
678
967
162
663
711
559
518
232
553
426
126
800
404
413
427
950
398
615
238
532
44
501
187
948
270
237
317
622
871
220
814
230
216
548
250
321
244
148
121
742
641
442
369
298
709
526
284
155
704
403
974
65
507
532
233
635
940
13
50
632
360
478
190
241
799
464
513
791
392
740
538
513
906
693
878
172
263
297
896
409
683
168
135
548
259
251
723
5
994
810
26
579
16
269
55
827
40
687
768
586
519
110
521
239
507
7
638
631
296
635
61
562
751
737
510
982
409
362
74
277
900
172
482
617
492
322
409
416
713
537
902
386
982
215
415
646
779
426
338
157
183
973
283
25
124
410
166
445
423
234
573
844
968
686
885
440
945
408
672
816
530
883
713
887
849
526
909
993
15
282
325
69
695
235
123
766
93
317
530
811
693
944
481
458
955
35
80
689
477
70
727
436
21
668
81
753
565
741
832
63
61
442
526
996
851
533
290
821
7
994
642
854
209
104
582
855
337
596
130
369
654
669
364
481
232
793
623
565
623
546
384
989
537
815
684
851
518
263
680
723
808
585
193
20
476
944
950
178
140
827
338
253
271
447
717
1
524
683
32
666
630
971
530
160
356
368
250
245
488
163
549
500
100
512
846
22
680
217
139
680
385
591
656
553
50
631
836
201
299
22
404
886
932
949
180
318
866
529
362
121
106
142
469
161
405
728
553
414
784
773
984
988
964
47
605
112
950
624
670
607
249
919
489
778
115
637
131
32
292
590
371
608
700
597
716
93
723
707
121
729
635
495
120
929
538
917
179
570
888
970
938
20
726
213
366
760
424
356
291
206
474
135
892
809
227
802
941
88
239
107
481
465
941
395
262
701
97
851
811
846
87
25
557
698
936
268
425
956
517
576
699
425
814
103
530
452
625
446
751
401
222
273
833
452
11
579
916
528
306
55
531
418
280
318
19
905
953
898
215
621
641
250
919
139
965
649
525
729
18
712
234
9
235
68
272
280
134
123
54
358
533
670
402
633
468
568
449
580
72
403
577
424
763
286
89
817
828
703
839
80
622
486
102
771
742
398
739
352
712
979
471
822
214
58
302
71
106
91
500
707
887
760
77
675
54
271
936
320
271
715
411
308
327
187
458
109
987
762
41
143
59
132
831
677
491
203
197
969
867
285
193
866
213
797
504
131
460
226
95
5
97
704
471
233
203
175
532
925
917
711
4
131
486
133
674
567
569
591
725
221
48
374
859
18
200
237
113
537
875
562
130
614
997
4
117
113
841
839
31
531
282
786
281
746
140
529
929
673
408
183
872
254
108
249
451
430
271
540
680
974
413
973
705
644
374
19
38
463
772
734
961
508
488
672
502
850
747
821
267
992
385
832
22
682
994
360
5
913
34
292
441
804
938
211
567
869
69
69
62
968
330
416
737
303
481
240
513
584
640
917
310
97
316
461
92
884
419
33
74
793
987
497
819
423
713
496
974
990
753
926
582
960
140
371
734
562
129
770
923
73
270
572
382
916
117
511
876
135
784
483
484
965
572
291
723
140
125
666
623
395
364
147
141
655
286
190
953
475
812
844
838
389
751
910
477
281
641
262
230
459
488
331
973
717
579
641
241
837
242
489
506
334
362
586
617
744
119
246
905
913
80
851
176
337
647
33
375
959
837
941
428
313
939
82
196
915
341
989
314
382
11
381
463
523
729
799
2
141
400
683
666
912
706
629
661
296
13
366
231
733
35
62
856
880
844
899
859
894
554
580
705
244
618
865
273
746
612
22
680
930
470
842
503
781
973
787
914
674
948
65
774
66
489
110
374
785
782
650
708
43
877
96
769
958
439
391
549
915
540
175
761
60
908
24
112
672
987
372
32
55
577
132
80
286
410
358
442
580
518
448
444
867
265
102
373
654
967
937
337
468
375
658
794
955
372
656
675
24
590
639
556
435
288
690
540
278
917
274
386
558
751
682
189
613
151
816
780
820
682
381
448
591
666
858
496
559
164
117
977
95
313
892
447
693
886
87
302
751
285
199
111
196
308
418
623
855
252
74
377
678
201
590
633
785
219
91
164
380
847
273
907
4
390
445
317
816
23
601
984
530
411
781
714
199
17
703
211
675
283
526
429
551
958
430
436
953
731
655
525
154
21
404
238
8
195
347
562
151
346
677
106
651
552
583
194
686
446
721
433
827
179
925
671
386
53
802
391
324
158
765
985
55
54
733
503
171
522
28
155
182
553
952
643
342
417
540
461
435
214
581
322
185
222
676
862
3
200
819
756
967
97
736
275
239
947
978
704
466
406
939
146
520
706
487
64
672
638
574
982
7
768
291
724
823
70
124
768
196
339
438
486
418
421
745
100
144
411
830
724
85
948
572
976
571
25
147
445
676
174
643
791
155
359
810
452
388
383
733
767
719
489
854
803
620
908
267
98
248
262
439
173
664
742
441
282
96
395
628
910
586
939
451
180
84
287
908
120
84
629
907
102
376
934
156
67
580
520
472
542
197
62
851
515
15
826
727
705
512
992
141
685
724
165
109
797
614
258
209
111
120
280
341
600
180
861
388
702
137
765
991
417
18
96
620
870
780
760
199
259
243
359
831
835
623
360
945
83
83
484
69
456
163
816
832
203
290
905
389
226
638
467
64
200
890
156
735
923
785
24
349
16
888
209
490
546
630
162
269
449
451
54
372
549
480
848
936
621
58
398
28
118
916
819
217
40
714
68
818
990
350
475
379
653
526
630
563
352
229
655
600
567
966
648
169
276
949
98
852
89
672
589
839
132
116
667
513
681
978
846
753
762
710
165
850
241
308
281
356
570
25
471
746
302
71
588
638
220
373
558
710
213
826
307
704
756
876
57
973
85
971
756
445
979
926
947
726
286
385
823
441
885
937
286
787
227
14
938
853
194
79
2
387
425
630
296
18
638
694
43
170
897
123
9
521
769
50
342
475
98
175
947
579
648
781
22
396
194
886
397
326
515
884
371
24
443
685
816
185
917
984
557
226
644
948
359
835
846
123
181
316
34
352
163
408
413
134
919
714
968
316
778
767
368
82
355
553
627
434
482
391
941
903
763
691
842
602
466
604
895
868
226
216
584
960
772
948
889
615
151
674
582
61
452
285
432
209
69
260
256
411
914
392
190
132
963
548
123
780
32
528
283
965
141
257
637
166
836
218
928
432
587
126
425
497
582
219
717
149
277
422
287
420
287
95
985
981
232
683
672
851
275
941
880
910
225
115
583
453
420
345
693
920
969
380
442
490
509
266
434
52
817
493
216
553
851
633
281
864
228
507
10
126
63
196
191
791
940
882
561
663
398
398
233
76
205
82
846
966
97
746
655
614
926
402
481
311
241
270
566
915
287
537
770
653
947
120
406
564
833
136
325
119
159
27
106
640
481
152
723
722
550
326
205
648
482
866
854
188
470
754
147
638
642
459
409
856
378
893
799
844
847
624
989
544
780
306
987
282
937
961
387
250
409
245
182
33
687
911
130
734
666
725
238
635
251
433
834
666
281
149
445
262
417
724
406
232
554
88
593
41
668
525
911
602
31
396
554
973
433
56
444
49
548
354
353
916
459
182
384
93
921
570
497
86
445
440
971
620
348
3
841
454
174
400
8
314
581
924
472
174
13
950
289
241
656
149
938
73
170
905
877
513
314
412
184
70
487
988
521
749
258
956
102
630
350
22
224
808
897
890
164
108
618
110
555
818
921
178
990
112
886
347
734
824
982
754
210
101
801
881
841
704
677
754
172
216
417
626
889
588
98
833
943
82
336
41
736
180
906
931
582
169
966
831
736
191
448
166
506
167
959
132
716
796
364
258
755
30
813
620
378
543
896
456
406
494
644
903
468
150
314
104
230
706
291
651
54
388
544
714
562
541
386
329
819
935
630
555
127
252
972
114
347
465
363
507
142
700
481
669
990
774
951
997
981
809
647
209
778
609
422
693
789
87
74
811
178
413
536
607
591
944
480
587
256
106
124
805
523
220
825
361
598
777
396
189
313
391
906
902
934
212
510
544
846
70
953
580
877
330
762
730
706
404
499
607
905
921
906
634
967
977
157
895
290
300
426
802
777
265
479
853
986
964
396
356
856
498
24
518
178
219
733
393
231
997
340
528
353
206
335
341
689
420
758
742
222
540
340
764
836
323
369
114
931
250
506
65
853
96
472
486
63
676
107
748
270
580
617
588
396
450
766
111
110
603
170
377
186
36
582
738
172
542
65
426
409
322
439
561
829
812
615
516
130
229
20
342
457
671
670
204
679
749
949
306
520
603
468
940
20
869
998
554
824
462
909
96
396
41
584
386
538
942
115
882
113
322
846
476
305
187
204
706
150
790
6
528
333
725
391
399
828
622
555
509
280
826
917
702
528
774
63
218
257
615
509
299
118
212
970
281
539
777
197
191
256
697
143
158
19
738
983
942
895
763
428
423
293
732
622
340
110
772
583
390
165
111
663
273
286
933
648
128
308
726
705
452
893
863
324
218
833
344
268
420
210
27
273
574
743
380
792
272
738
913
808
131
485
721
527
159
302
886
609
925
466
204
508
513
230
155
890
644
353
438
333
716
718
2
79
851
739
445
395
875
21
661
582
757
585
962
403
31
482
61
851
14
110
455
791
563
701
272
248
700
65
942
644
523
331
237
958
487
754
524
995
679
534
116
931
747
853
902
347
558
255
557
683
943
59
403
244
38
697
920
524
163
666
72
357
601
671
268
56
774
608
125
353
490
541
106
452
163
57
668
695
221
900
839
664
647
116
158
501
331
580
397
408
178
816
381
907
364
178
946
329
460
456
587
967
250
661
374
720
570
458
90
314
141
144
493
120
368
591
143
476
988
955
181
394
589
605
568
920
583
924
672
94
450
664
103
497
197
67
968
966
166
698
666
284
684
53
400
463
551
192
864
744
176
686
356
389
283
521
98
918
712
793
613
639
265
793
255
318
569
496
513
290
622
765
430
424
413
615
836
393
984
150
995
211
975
90
906
6
254
646
753
338
858
116
376
315
991
573
999
995
9
612
324
941
143
67
869
7
107
708
453
287
64
508
895
237
608
552
70
152
149
875
732
573
405
267
551
631
510
806
863
332
266
284
502
780
14
126
995
366
539
836
915
917
217
543
950
943
653
751
983
475
656
526
324
171
24
31
789
970
557
932
384
1
986
700
560
749
714
550
296
451
533
950
321
962
146
488
957
997
679
609
396
476
402
769
432
630
187
424
769
204
91
658
378
685
303
726
474
659
220
117
702
567
512
416
124
725
444
907
796
996
696
427
835
759
497
786
298
95
611
820
40
207
638
928
226
924
214
990
107
780
488
172
600
909
365
525
983
163
915
156
236
266
157
59
852
132
508
311
831
73
126
949
209
363
698
218
171
724
268
729
184
463
817
288
494
227
767
527
957
343
793
124
57
564
689
530
148
938
99
513
376
38
427
289
589
937
161
9
108
8
496
830
307
717
632
141
592
781
872
518
961
376
71
198
712
274
516
466
582
863
632
837
45
896
113
160
550
432
612
141
32
469
717
235
776
991
88
83
986
733
402
784
297
677
973
190
293
9
199
952
38
554
751
38
272
518
748
835
501
771
294
78
877
484
302
219
838
968
604
985
324
625
266
973
433
646
104
208
391
969
831
978
964
728
244
651
135
740
640
468
275
132
577
271
799
551
437
783
167
274
722
826
683
65
431
381
374
610
827
755
151
485
159
301
161
133
308
914
193
792
74
871
395
235
378
43
556
764
941
151
905
726
559
310
489
226
224
387
720
466
933
69
562
876
934
619
54
423
150
348
614
134
770
557
688
211
313
812
709
560
900
884
187
341
573
373
59
604
520
541
301
145
705
413
46
852
62
273
772
39
203
608
661
478
792
43
290
769
296
800
982
273
679
342
423
147
146
940
667
546
313
539
678
777
662
188
959
572
960
794
83
180
94
634
273
568
674
24
186
952
249
247
340
396
884
885
42
791
871
314
260
85
297
304
176
702
234
870
653
919
998
551
497
92
563
205
803
392
748
774
684
554
52
124
882
878
136
129
707
260
831
607
128
125
188
605
913
349
106
456
966
582
275
589
609
423
794
754
891
221
640
432
624
368
975
597
467
170
741
779
752
353
491
406
370
393
22
171
404
550
703
634
67
321
350
859
428
70
31
422
18
425
374
901
754
309
276
912
299
819
158
790
664
841
486
55
123
168
273
857
833
143
755
496
671
123
4
697
165
309
190
567
915
872
870
915
667
952
850
944
605
223
591
530
580
380
148
156
819
335
579
240
817
779
552
580
719
862
617
385
616
690
422
846
241
523
33
487
410
398
286
419
705
785
242
301
67
498
12
20
542
252
616
405
641
350
166
770
359
290
208
886
492
252
340
863
964
673
174
686
126
385
285
519
781
895
968
15
530
544
820
21
709
86
221
810
925
61
366
389
135
816
667
908
171
818
166
385
712
465
737
11
366
979
531
346
908
518
775
378
775
274
786
626
296
222
594
813
134
496
49
890
453
717
276
260
877
587
802
267
443
924
126
394
132
95
36
232
213
641
378
696
109
971
222
756
174
493
43
952
172
432
309
86
465
588
924
4
652
791
37
605
154
289
812
184
805
660
187
713
293
177
165
668
626
530
716
113
596
573
252
178
291
422
959
457
189
200
333
886
183
829
134
375
274
59
65
176
331
65
976
609
963
609
520
754
520
191
654
65
575
710
60
683
529
921
37
541
505
803
887
175
480
502
130
716
914
831
116
512
708
678
779
950
435
65
897
516
102
256
38
87
522
904
635
847
988
211
929
291
130
33
380
195
181
372
417
818
206
175
755
374
500
879
275
745
948
43
355
894
258
279
787
816
962
152
409
716
170
974
731
774
749
270
414
572
178
43
441
725
601
694
790
334
597
188
533
319
397
872
558
637
515
991
220
463
862
216
164
795
587
934
67
948
283
972
835
604
15
506
355
671
861
176
437
929
292
982
626
252
845
181
3
849
512
625
720
140
610
554
591
947
331
158
957
113
633
675
469
399
740
777
189
629
659
530
428
671
275
393
77
299
634
848
925
376
252
830
242
478
37
617
896
947
493
487
179
933
756
885
711
174
739
813
610
243
343
468
450
985
604
157
281
475
160
313
806
132
649
610
237
921
534
122
526
235
874
1
666
724
323
880
792
189
425
378
264
797
656
326
89
389
779
104
931
164
140
595
485
540
327
602
542
703
203
492
651
727
710
225
137
547
750
947
299
659
185
446
982
471
764
489
275
881
684
840
19
489
257
295
663
962
738
627
232
723
98
773
97
174
236
714
498
716
170
114
524
617
891
549
826
838
669
286
774
458
96
164
165
672
577
630
776
602
762
771
153
338
852
805
926
286
622
183
508
619
942
733
941
567
227
39
560
703
316
420
138
113
743
551
243
513
168
825
409
189
230
192
878
441
770
681
404
626
936
871
60
434
569
736
689
193
486
448
879
563
728
885
197
30
542
242
212
495
759
503
412
85
154
905
430
769
49
650
344
799
624
995
859
936
366
710
774
14
991
946
573
154
338
742
92
506
763
305
465
36
223
735
188
270
128
910
142
344
652
286
577
581
288
370
56
862
753
269
795
287
42
504
739
72
156
177
751
551
493
29
479
957
394
202
668
592
955
180
475
824
722
951
143
112
395
957
618
414
237
626
638
576
475
816
932
860
654
427
549
810
493
92
52
413
611
328
842
483
875
252
503
371
20
750
147
853
482
783
41
842
949
362
530
636
585
99
622
62
700
969
812
409
41
434
78
837
201
632
411
449
956
597
244
319
748
968
424
274
751
994
675
548
69
799
900
234
256
149
428
360
715
731
634
300
188
413
292
261
956
209
557
957
820
215
830
553
388
210
888
689
973
968
419
880
897
340
843
822
605
803
739
122
166
160
594
772
769
628
36
351
419
617
204
577
893
868
481
940
49
224
274
473
619
499
571
462
711
12
14
471
759
756
82
649
55
854
149
12
745
807
568
634
415
198
593
440
735
677
208
502
998
787
591
182
491
356
294
748
434
808
482
840
652
970
73
53
294
670
356
351
120
131
566
398
155
767
976
553
129
42
876
801
827
654
572
486
298
401
204
214
936
261
126
271
854
702
683
598
834
341
330
859
349
571
227
38
921
164
138
155
290
965
849
915
885
502
847
907
838
280
312
482
27
662
234
629
650
906
639
612
852
524
829
210
839
79
506
553
152
108
513
38
5
737
983
701
405
625
305
393
223
555
255
284
159
487
963
824
863
82
260
281
952
18
600
19
827
878
826
324
638
413
150
337
763
227
173
542
825
79
599
603
817
631
757
835
318
489
96
534
61
913
485
281
745
134
78
867
931
137
358
324
451
958
916
900
827
477
466
130
860
572
565
866
941
299
230
355
268
517
386
377
464
544
38
424
506
764
758
449
300
497
410
954
38
284
419
336
192
565
569
394
636
641
454
156
755
506
228
90
508
531
937
474
810
421
398
589
956
676
768
114
35
907
9
945
336
718
771
296
561
140
558
882
232
482
122
17
604
99
686
617
332
556
416
20
149
481
629
384
423
60
309
700
115
217
623
112
333
273
204
630
754
276
720
93
354
137
770
800
155
521
381
599
947
307
189
4
531
538
291
512
675
447
225
668
84
493
990
955
875
429
332
213
384
641
584
435
876
373
422
454
141
751
128
727
289
340
800
461
104
260
251
868
965
723
254
614
994
955
491
965
692
183
516
156
956
417
754
718
726
597
687
910
177
700
475
405
421
773
830
125
197
391
657
47
283
225
889
17
499
46
656
709
36
884
135
551
551
287
963
827
901
417
394
266
863
667
311
258
19
984
113
984
51
518
517
959
759
329
23
269
615
64
393
168
312
627
769
475
783
742
12
807
421
953
542
696
990
515
851
385
425
892
791
349
108
152
923
758
358
59
267
617
209
502
279
192
27
728
593
479
256
105
782
985
299
161
399
880
995
792
575
636
919
649
260
195
559
822
567
895
230
246
311
909
666
856
416
559
249
479
683
527
38
477
561
163
180
204
201
52
972
655
991
332
777
332
780
309
713
648
5
204
360
102
437
54
552
132
631
884
34
117
480
303
404
999
70
30
351
99
73
204
276
976
824
185
755
482
815
705
371
873
362
983
380
27
397
102
556
370
257
832
322
804
553
798
553
249
866
815
498
177
403
772
561
466
445
507
655
992
295
365
303
960
440
145
279
348
940
15
893
509
399
983
128
330
462
965
493
263
652
507
436
103
495
646
849
256
914
530
663
321
873
376
980
438
525
733
704
25
97
332
73
802
531
709
534
885
887
114
546
382
716
239
214
913
748
204
196
310
167
949
667
170
465
716
460
925
989
353
720
886
375
860
399
725
175
587
914
224
206
51
64
371
870
727
804
192
276
725
785
676
962
179
187
502
613
238
682
510
152
134
127
917
662
584
440
831
363
965
467
753
296
91
281
626
750
129
906
822
384
84
465
110
325
168
944
908
834
628
477
749
646
13
772
3
264
155
175
676
935
719
999
136
492
810
908
647
899
836
4
972
211
268
854
276
591
138
111
121
329
529
482
372
150
169
710
251
408
848
53
517
51
297
542
415
128
381
464
760
433
808
934
882
442
300
705
339
952
82
621
273
816
515
483
452
966
321
639
313
265
394
206
866
953
505
346
387
748
526
239
471
498
501
179
642
703
529
59
9
402
33
336
118
645
806
754
457
338
435
31
903
819
221
877
143
624
893
404
443
959
90
751
843
797
757
96
721
547
569
200
768
760
390
297
180
408
52
198
952
960
536
162
441
225
88
382
618
6
451
439
103
116
520
813
765
961
24
961
536
825
592
583
876
660
481
134
114
343
248
471
157
57
634
336
495
470
273
470
442
282
183
812
181
487
226
516
405
460
794
565
599
215
15
588
173
566
678
359
65
946
534
821
327
430
913
147
343
84
183
841
676
974
971
346
151
299
861
992
762
908
252
863
696
909
429
892
576
104
672
594
756
561
729
181
326
512
306
150
842
8
410
925
365
808
933
600
510
655
395
893
861
789
114
471
14
178
10
139
658
748
220
229
127
116
979
950
220
840
560
514
911
645
261
202
299
916
843
230
465
922
948
905
613
401
375
228
42
807
431
345
800
312
742
528
350
104
169
706
484
141
184
471
912
573
746
999
272
145
712
390
358
812
914
109
387
100
659
150
201
208
21
588
17
186
414
445
74
956
418
350
249
49
253
194
211
336
551
845
508
455
848
620
933
671
959
867
524
787
331
376
618
778
423
220
77
337
633
757
322
878
519
921
662
900
671
983
194
267
685
269
539
7
482
582
564
721
281
663
884
834
705
130
624
791
685
469
174
396
547
556
930
104
286
626
536
854
140
222
310
443
863
61
297
636
469
210
970
685
292
785
360
525
318
844
860
542
60
197
427
562
527
720
685
704
781
952
739
401
495
334
860
160
855
48
671
296
346
258
921
207
701
467
124
692
599
360
40
810
419
203
963
14
890
59
182
999
457
443
761
76
79
562
125
950
116
757
992
27
773
479
557
934
73
637
215
571
278
711
183
508
106
541
641
625
577
700
772
258
291
462
831
483
297
598
875
270
884
691
519
887
909
112
978
402
764
986
846
24
783
778
791
16
146
370
371
199
566
626
370
229
859
861
407
331
489
737
725
618
105
559
151
542
46
356
50
872
684
552
974
238
494
627
134
357
218
117
987
802
253
884
338
214
10
663
316
341
384
398
235
727
312
923
192
93
65
865
593
11
533
921
709
527
756
746
57
921
176
24
124
724
720
702
353
23
594
560
208
396
349
276
186
287
524
483
517
930
565
799
752
914
307
123
661
113
469
24
704
676
369
230
573
526
226
606
418
749
477
703
845
690
49
379
408
981
86
738
947
648
108
494
506
975
855
571
377
56
441
386
645
929
837
651
751
705
500
741
120
451
213
850
507
47
214
449
746
305
957
690
8
929
720
828
747
221
564
771
566
919
913
860
320
672
330
535
939
27
207
83
654
697
660
749
965
372
349
222
761
100
771
84
327
860
392
69
910
767
93
939
889
702
788
27
769
669
227
445
13
324
167
586
778
281
27
68
844
661
795
853
732
801
642
332
896
273
113
22
460
510
661
151
307
768
409
222
632
142
341
22
205
445
794
234
366
856
672
453
897
848
344
664
887
89
543
94
168
17
432
43
460
615
980
320
871
430
194
748
42
543
255
254
456
441
917
484
774
52
367
343
307
776
672
641
246
515
462
690
407
243
666
31
995
16
905
486
319
676
527
708
427
13
546
847
686
878
322
565
307
758
558
525
617
423
570
766
977
550
743
75
238
307
222
81
719
714
653
822
977
809
497
803
480
332
344
646
554
420
358
239
506
144
671
306
58
974
918
580
162
386
760
167
300
726
881
245
657
750
662
513
629
866
667
309
241
332
280
786
280
546
682
121
931
869
434
439
800
463
790
235
758
136
953
798
603
130
545
73
989
620
480
434
806
983
971
163
218
551
7
295
567
358
175
566
92
686
620
686
950
761
61
498
641
729
852
82
114
991
456
641
242
399
357
116
939
761
480
834
487
523
478
432
279
626
265
500
238
500
789
574
2
226
33
202
714
332
414
507
255
902
658
329
819
82
948
124
576
660
668
898
234
677
205
719
952
451
284
771
442
249
133
735
503
547
262
563
444
594
295
624
291
403
30
480
428
730
978
703
188
746
798
469
544
814
127
718
51
598
369
311
57
763
213
800
751
536
853
420
571
106
93
267
281
750
17
87
537
31
94
324
696
670
673
988
291
955
903
43
215
30
245
157
889
885
137
205
58
613
823
854
781
201
737
53
128
581
447
213
938
328
817
145
184
650
374
273
53
815
980
17
593
215
330
800
251
34
667
875
17
397
752
204
617
578
314
275
47
586
545
601
727
555
32
934
399
376
406
125
204
256
501
895
87
156
267
897
660
681
983
895
66
931
617
540
7
961
3
312
48
236
725
224
968
483
823
520
792
417
420
834
940
353
291
313
458
41
144
111
231
765
625
267
225
388
938
88
893
543
620
830
698
651
698
304
471
11
210
999
684
678
606
675
500
612
509
43
724
569
424
512
39
88
119
551
706
710
421
236
45
586
724
747
603
838
467
338
579
982
442
857
335
145
807
918
505
732
31
948
611
374
653
83
72
912
32
672
481
551
573
916
320
489
952
563
999
627
72
531
513
686
363
169
203
772
844
349
771
537
28
784
290
81
684
133
848
298
676
353
241
818
461
342
7
554
228
86
792
47
186
744
789
31
784
836
553
67
587
62
295
811
609
33
812
507
700
474
271
401
589
878
834
630
978
81
229
5
713
407
337
508
242
871
721
433
872
923
214
35
731
996
128
951
448
960
11
849
885
294
449
153
11
708
254
890
96
956
192
888
358
637
100
937
827
376
807
865
804
492
805
861
61
711
943
937
967
343
486
502
150
468
860
804
274
33
869
711
294
390
680
803
190
532
226
407
72
220
452
334
463
839
638
832
827
645
903
212
330
754
749
77
524
251
241
984
681
880
626
147
110
635
766
754
716
545
161
636
631
198
690
999
204
622
986
239
155
680
858
144
26
188
558
293
834
646
291
900
251
43
159
717
858
107
453
484
975
805
982
191
990
44
482
550
658
872
624
459
207
392
976
539
823
318
721
130
953
472
164
42
969
769
151
6
264
577
228
975
953
162
575
624
960
299
33
18
453
803
431
716
173
420
68
984
698
908
828
858
387
740
123
79
975
356
974
60
752
967
306
747
624
420
399
412
814
133
34
712
126
47
979
921
325
863
990
790
21
519
670
538
392
951
85
931
956
653
483
463
364
222
95
299
102
838
845
612
454
862
363
847
576
466
335
498
273
472
521
853
870
512
91
240
433
846
375
967
132
17
654
439
681
674
453
222
75
537
244
751
445
353
289
399
982
28
